480 330 10 70 BLACK 2
1040 330 10 70 BLACK 1
482 330 6 70 BROWN 2
1042 330 6 70 BROWN 2
170 480 70 10 BLACK 1  
1290 480 70 10 BLACK 1
170 482 70 6 BROWN 2
1290 482 70 6 BROWN 2
0 80 10 810 PINK 1
0 80 1520 10 PINK 1
1520 80 10 810 PINK 1
0 880 1520 10 PINK 1
0 720 90 10 PINK 1
240 800 90 10 PINK 1
80 640 90 10 PINK 1
80 240 90 10 PINK 1
80 800 90 10 PINK 1
160 560 90 10 PINK 1
240 320 90 10 PINK 1
240 480 90 10 PINK 1
160 160 90 10 PINK 1
160 400 90 10 PINK 1
320 400 90 10 PINK 1
320 720 90 10 PINK 1
320 240 90 10 PINK 1
480 720 90 10 PINK 1
400 640 90 10 PINK 1
480 240 90 10 PINK 1 
560 320 90 10 PINK 1 
400 480 90 10 PINK 1 
480 560 90 10 PINK 1
400 320 90 10 PINK 1
320 560 90 10 PINK 1
640 560 90 10 PINK 1
800 560 90 10 PINK 1
640 800 250 10 PINK 1
640 480 240 10 PINK 1 
640 400 90 10 PINK 1
800 400 90 10 PINK 1
640 240 90 10 PINK 1
800 240 90 10 PINK 1
880 320 90 10 PINK 1
960 720 90 10 PINK 1
1040 640 90 10 PINK 1
1360 80 90 10 PINK 1
1120 720 90 10 PINK 1
1200 800 90 10 PINK 1
1200 480 90 10 PINK 1 
1440 720 90 10 PINK 1 
1360 800 90 10 PINK 1
1360 640 90 10 PINK 1
960 560 90 10 PINK 1
1040 480 90 10 PINK 1
1040 320 90 10 PINK 1
1120 400 90 10 PINK 1
1120 560 90 10 PINK 1 
1200 480 90 10 PINK 1
1280 560 90 10 PINK 1
1280 400 90 10 PINK 1
1200 320 90 10 PINK 1
1120 240 90 10 PINK 1
1360 240 90 10 PINK 1
1280 160 90 10 PINK 1
1360 80 90 10 PINK 1
960 240 90 10 PINK 1
640 640 90 10 PINK 1
800 640 90 10 PINK 1
640 720 90 10 PINK 1
800 720 90 10 PINK 1
160 720 10 90 PINK 1
240 720 10 90 PINK 1
80 560 10 90 PINK 1
80 320 10 170 PINK 1
80 80 10 90 PINK 1
160 240 10 250 PINK 1
240 560 10 90 PINK 1
240 80 10 250 PINK 1
320 80 10 170 PINK 1
400 80 10 90 PINK 1
400 720 10 90 PINK 1
560 80 10 250 PINK 1
320 480 10 170 PINK 1
560 800 10 90 PINK 1
480 640 10 170 PINK 1
560 80 10 250 PINK 1
480 400 10 170 PINK 1 
560 560 10 90 PINK 1
400 320 10 90 PINK 1
960 800 10 90 PINK 1
560 400 10 90 PINK 1
640 560 10 90 PINK 1
880 560 10 90 PINK 1
640 400 10 90 PINK 1
880 400 10 90 PINK 1
720 240 10 90 PINK 1
800 240 10 90 PINK 1
960 400 10 90 PINK 1
960 560 10 90 PINK 1
1120 720 10 90 PINK 1
1040 640 10 170 PINK 1
1440 80 10 90 PINK 1
960 80 10 250 PINK 1
1280 720 10 90 PINK 1
1360 720 10 90 PINK 1
1280 560 10 90 PINK 1
1040 400 10 170 PINK 1
1120 320 10 90 PINK 1
1200 480 10 170 PINK 1
1440 560 10 90 PINK 1
1440 320 10 170 PINK 1
1360 240 10 250 PINK 1
1280 80 10 250 PINK 1
1200 80 10 170 PINK 1
1120 80 10 90 PINK 1
720 560 10 90 PINK 1
800 560 10 90 PINK 1
640 160 10 90 PINK 1
880 160 10 90 PINK 1
720 80 90 90 PINK 1
640 720 10 10 PINK 1
880 720 10 10 PINK 1
2, 82, 6, 806 BLACK 2     
2, 82, 1522, 6 BLACK 2   
1522, 82, 6, 806 BLACK 2  
2, 882, 1520, 6 BLACK 2  
2, 722, 86, 6 BLACK 2
242, 802, 86, 6 BLACK 2
82, 242, 86, 6 BLACK 2
162, 562, 86, 6 BLACK 2
242, 322, 86, 6 BLACK 2
242, 482, 86, 6 BLACK 2
162, 162, 86, 6 BLACK 2
162, 402, 86, 6 BLACK 2
322, 402, 86, 6 BLACK 2
322, 722, 86, 6 BLACK 2
322, 242, 86, 6 BLACK 2
482, 722, 86, 6 BLACK 2
402, 642, 86, 6 BLACK 2
482, 242, 86, 6 BLACK 2
562, 322, 86, 6 BLACK 2
402, 482, 86, 6 BLACK 2
482, 562, 86, 6 BLACK 2
402, 322, 86, 6 BLACK 2
322, 562, 86, 6 BLACK 2
642, 562, 86, 6 BLACK 2
82, 642, 86, 6 BLACK 2
802, 562, 86, 6 BLACK 2
642, 802, 244, 6 BLACK 2
642, 482, 242, 6 BLACK 2
642, 402, 86, 6 BLACK 2
802, 402, 86, 6 BLACK 2
642, 242, 86, 6 BLACK 2
802, 242, 86, 6 BLACK 2
882, 322, 86, 6 BLACK 2
962, 722, 86, 6 BLACK 2
1042, 642, 86, 6 BLACK 2
1122, 722, 86, 6 BLACK 2
1202, 802, 86, 6 BLACK 2
1202, 482, 86, 6 BLACK 2
1442, 722, 86, 6 BLACK 2
1362, 802, 86, 6 BLACK 2
1362, 642, 86, 6 BLACK 2
962, 562, 86, 6 BLACK 2
642, 482, 86, 6 BLACK 2
1042, 322, 86, 6 BLACK 2
1122, 402, 86, 6 BLACK 2
1122, 562, 86, 6 BLACK 2
1202, 482, 86, 6 BLACK 2
1282, 562, 86, 6 BLACK 2
1282, 402, 86, 6 BLACK 2
1202, 322, 86, 6 BLACK 2
1042, 482, 86, 6 BLACK 2
1122, 242, 86, 6 BLACK 2
82, 802, 86, 6 BLACK 2
1362, 242, 86, 6 BLACK 2
1282, 162, 86, 6 BLACK 2
962, 242, 86, 6 BLACK 2
162, 722, 6, 86 BLACK 2
242, 722, 6, 86 BLACK 2
82, 562, 6, 86 BLACK 2
82, 322, 6, 166 BLACK 2
82, 82, 6, 86 BLACK 2
162, 242, 6, 246 BLACK 2
242, 562, 6, 86 BLACK 2
242, 82, 6, 244 BLACK 2
322, 82, 6, 166 BLACK 2
402, 82, 6, 86 BLACK 2
402, 722, 6, 86 BLACK 2
562, 82, 6, 244 BLACK 2
322, 482, 6, 166 BLACK 2
562, 802, 6, 86 BLACK 2
482, 642, 6, 166 BLACK 2
562, 82, 6, 244 BLACK 2
482, 402, 6, 166 BLACK 2
562, 562, 6, 86 BLACK 2
402, 322, 6, 86 BLACK 2
962, 802, 6, 86 BLACK 2
562, 402, 6, 86 BLACK 2
642, 562, 6, 86 BLACK 2
882, 562, 6, 86 BLACK 2
642, 402, 6, 86 BLACK 2
882, 402, 6, 86 BLACK 2
722, 242, 6, 86 BLACK 2
802, 242, 6, 86 BLACK 2
962, 402, 6, 86 BLACK 2
962, 562, 6, 86 BLACK 2
1122, 722, 6, 86 BLACK 2
1042, 402, 6, 166 BLACK 2
1442, 82, 6, 86 BLACK 2
962, 82, 6, 244 BLACK 2
1282, 722, 6, 86 BLACK 2
1362, 722, 6, 86 BLACK 2
1282, 562, 6, 86 BLACK 2
1042, 642, 6, 166 BLACK 2
1122, 322, 6, 86 BLACK 2
1202, 482, 6, 166 BLACK 2
1442, 562, 6, 86 BLACK 2
1442, 322, 6, 166 BLACK 2
1362, 242, 6, 246 BLACK 2
1282, 82, 6, 244 BLACK 2
1202, 82, 6, 166 BLACK 2
1122, 82, 6, 86 BLACK 2
722, 82, 86, 86 BLACK 2
642, 722, 86, 6 BLACK 2
802, 722, 86, 6 BLACK 2
722, 562, 6, 86 BLACK 2 
802, 562, 6, 86 BLACK 2 
642, 642, 86, 6 BLACK 2
802, 642, 86, 6 BLACK 2
642, 162, 6, 86 BLACK 2 
882, 162, 6, 86 BLACK 2 